Rank	Team	Rec	Rating	Chg	SOS (Rank)	Standard (Rank)	Aegis (Rank)
1
Virginia
24-2
2.9638
 1
0.900 (20)
2.925 (1)
2.996 (1)
2
Villanova
24-3
2.8565
 1
0.994 (9)
2.695 (3)
2.950 (2)
3
Cincinnati
23-3
2.6115
0
0.283 (87)
2.495 (5)
2.696 (3)
4
Michigan St
26-3
2.5967
 2
0.513 (67)
2.498 (4)
2.554 (5)
5
Xavier
24-4
2.4756
 1
1.023 (8)
2.696 (2)
2.236 (10)
6
Duke
21-5
2.4661
 3
0.840 (26)
2.148 (10)
2.677 (4)
7
Purdue
23-5
2.3861
 2
0.700 (40)
2.130 (11)
2.512 (6)
8
Auburn
23-4
2.3641
 1
0.703 (37)
2.295 (7)
2.428 (7)
9
Texas Tech
22-5
2.3564
 1
0.696 (41)
2.365 (6)
2.308 (9)
10
North Carolina
21-7
2.2791
 5
1.122 (2)
2.119 (12)
2.337 (8)
11
Kansas
21-6
2.2139
 2
1.122 (1)
2.249 (8)
2.030 (14)
12
Clemson
20-5
2.1466
 2
0.772 (32)
2.192 (9)
2.098 (13)
13
Gonzaga
25-4
2.1084
 1
-0.01 (131)
2.005 (15)
2.168 (11)
14
Ohio St
22-6
2.0502
 3
0.689 (43)
1.958 (16)
2.108 (12)
15
Tennessee
19-7
2.0234
 1
1.094 (5)
2.053 (13)
1.957 (17)
16
West Virginia
19-8
1.9896
 1
0.804 (30)
1.875 (18)
1.961 (16)
17
Wichita St
20-5
1.9430
 3
0.489 (71)
1.811 (21)
1.941 (18)
18
Arizona
21-6
1.9293
 4
0.703 (38)
1.910 (17)
1.829 (20)
19
Rhode Island
21-4
1.9073
 3
0.350 (80)
2.016 (14)
1.798 (23)
20
Michigan
21-7
1.8697
 5
0.421 (73)
1.821 (20)
1.826 (21)
21
TCU
18-9
1.8241
 5
0.938 (14)
1.687 (28)
1.908 (19)
22
Houston
20-5
1.8100
 15
0.273 (88)
1.801 (22)
1.795 (24)
23
Nevada
23-5
1.7993
 9
0.495 (69)
1.687 (27)
1.968 (15)
24
Creighton
18-8
1.7882
 6
0.598 (55)
1.792 (23)
1.747 (29)
25
Arkansas
19-8
1.7548
 15
0.887 (25)
1.782 (24)
1.668 (34)
26
Kansas St
19-8
1.7470
 12
0.717 (36)
1.856 (19)
1.591 (42)
27
Texas A&M
17-10
1.7415
 6
1.068 (7)
1.682 (29)
1.758 (27)
28
Kentucky
18-9
1.7405
 1
1.103 (3)
1.749 (25)
1.659 (35)
29
Butler
18-10
1.7395
 6
0.925 (16)
1.645 (33)
1.787 (26)
30
Baylor
17-10
1.7356
 12
0.720 (35)
1.671 (31)
1.752 (28)
31
Florida St
18-8
1.7344
0
0.682 (44)
1.608 (37)
1.808 (22)
32
Virginia Tech
19-8
1.7255
 1
0.491 (70)
1.728 (26)
1.674 (33)
33
St Mary’s CA
25-4
1.6987
 14
0.005 (126)
1.627 (35)
1.794 (25)
34
Arizona St
19-7
1.6874
 6
0.671 (46)
1.681 (30)
1.692 (31)
35
Florida
17-10
1.6768
 8
0.899 (21)
1.549 (41)
1.657 (36)
36
Seton Hall
17-9
1.6715
 6
0.927 (15)
1.626 (36)
1.656 (37)
37
Oklahoma
16-10
1.6664
 13
1.081 (6)
1.604 (38)
1.616 (40)
38
Missouri
18-9
1.6624
 3
0.807 (29)
1.648 (32)
1.641 (38)
39
Texas
16-11
1.6347
 3
0.982 (10)
1.557 (40)
1.677 (32)
40
Alabama
17-10
1.5913
 1
0.967 (11)
1.575 (39)
1.566 (43)
41
Louisville
18-9
1.5567
 2
0.654 (49)
1.432 (51)
1.605 (41)
42
Nebraska
20-8
1.5180
 5
0.504 (68)
1.628 (34)
1.437 (51)
43
UCLA
19-8
1.5095
 1
0.574 (58)
1.535 (43)
1.449 (49)
44
NC State
18-9
1.5016
 10
0.562 (61)
1.542 (42)
1.464 (46)
45
Miami FL
18-8
1.4932
 11
0.565 (60)
1.459 (49)
1.461 (47)
46
Penn St
19-9
1.4912
 10
0.407 (76)
1.227 (64)
1.694 (30)
47
Marquette
15-11
1.4899
 6
0.947 (13)
1.514 (45)
1.431 (52)
48
MTSU
22-5
1.4705
 2
0.089 (115)
1.530 (44)
1.452 (48)
49
Syracuse
18-9
1.4636
0
0.702 (39)
1.400 (52)
1.485 (44)
50
Mississippi St
19-8
1.4473
 5
0.225 (95)
1.462 (48)
1.390 (53)
51
USC
19-9
1.4183
 3
0.606 (54)
1.310 (58)
1.448 (50)
52
Utah
17-9
1.4085
 5
0.570 (59)
1.473 (47)
1.365 (55)
53
Maryland
17-11
1.3972
 3
0.639 (53)
1.138 (68)
1.621 (39)
54
Notre Dame
16-11
1.3758
 6
0.678 (45)
1.230 (63)
1.474 (45)
55
Providence
17-10
1.3258
0
0.890 (22)
1.512 (46)
1.086 (72)
56
St Bonaventure
20-6
1.3173
 11
0.213 (98)
1.436 (50)
1.227 (59)
57
LSU
15-11
1.3031
 1
0.812 (28)
1.330 (57)
1.259 (58)
58
Georgia
15-11
1.3010
 11
0.907 (19)
1.362 (53)
1.184 (64)
59
Boise St
20-6
1.2940
 7
0.170 (101)
1.345 (55)
1.288 (57)
60
Loyola-Chicago
21-5
1.2744
 1
-0.05 (139)
1.280 (59)
1.379 (54)
61
Oklahoma St
15-12
1.2720
 10
0.752 (34)
1.349 (54)
1.106 (69)
62
ULL
23-4
1.2709
 1
-0.44 (240)
1.246 (62)
1.336 (56)
63
Vermont
22-5
1.2228
 1
-0.32 (196)
1.275 (60)
1.169 (66)
64
St John’s
14-13
1.1980
 4
0.888 (24)
1.208 (65)
1.175 (65)
65
Oregon
17-10
1.1932
 2
0.352 (79)
1.081 (75)
1.199 (62)
66
New Mexico St
22-5
1.1769
 23
-0.42 (233)
1.127 (69)
1.226 (60)
67
ETSU
23-5
1.1110
 5
-0.52 (264)
1.125 (70)
1.096 (71)
68
UCF
17-9
1.1052
 16
0.413 (74)
1.251 (61)
0.951 (80)
69
Washington
18-9
1.1014
 3
0.556 (63)
1.335 (56)
0.906 (88)
70
WKU
19-7
1.1000
 1
0.123 (109)
1.046 (77)
1.190 (63)
71
South Carolina
14-13
1.0836
 9
0.835 (27)
1.091 (74)
1.000 (76)
72
Murray St
22-5
1.0834
 5
-0.63 (294)
1.093 (72)
1.078 (73)
73
Old Dominion
21-5
1.0764
 6
-0.30 (189)
1.019 (78)
1.136 (68)
74
S Dakota St
23-6
1.0749
 1
-0.47 (248)
1.165 (66)
0.984 (78)
75
Temple
15-11
1.0747
 1
0.907 (18)
1.151 (67)
0.994 (77)
76
Indiana
16-12
1.0697
 9
0.656 (48)
0.954 (81)
1.099 (70)
77
Georgetown
15-10
1.0607
 11
0.259 (89)
1.113 (71)
1.075 (74)
78
South Dakota
23-6
1.0411
 4
-0.50 (254)
0.872 (86)
1.210 (61)
79
Buffalo
21-8
1.0025
 4
0.072 (121)
1.093 (73)
0.881 (89)
80
Fresno St
17-8
1.0018
 7
0.077 (119)
0.871 (87)
1.142 (67)
81
Iowa St
13-13
0.9919
 9
0.888 (23)
1.049 (76)
0.868 (92)
82
Boston College
16-11
0.9837
 6
0.514 (66)
1.019 (79)
0.925 (85)
83
Northwestern
15-13
0.9816
 13
0.541 (64)
0.883 (84)
0.933 (83)
84
Vanderbilt
11-16
0.9714
 8
1.102 (4)
0.968 (80)
0.855 (94)
85
Belmont
22-7
0.9162
 4
-0.26 (178)
0.896 (83)
0.880 (90)
86
UNLV
19-8
0.8985
 5
-0.13 (151)
0.853 (88)
0.947 (81)
87
BYU
21-8
0.8873
 9
-0.08 (143)
0.828 (91)
0.961 (79)
88
SMU
15-12
0.8693
 23
0.345 (81)
0.733 (99)
0.933 (84)
89
San Diego St
15-10
0.8631
 6
0.144 (106)
0.652 (104)
1.008 (75)
90
Stanford
14-14
0.8578
 4
0.759 (33)
0.814 (92)
0.907 (87)
91
Montana
19-7
0.8223
 16
-0.32 (197)
0.809 (93)
0.919 (86)
92
UNC Greensboro
19-7
0.7971
 4
-0.33 (201)
0.719 (101)
0.874 (91)
93
Wisconsin
12-16
0.7942
 4
0.801 (31)
0.618 (106)
0.856 (93)
94
Davidson
15-10
0.7621
 7
0.228 (94)
0.589 (108)
0.934 (82)
95
Colorado
15-12
0.7323
 4
0.668 (47)
0.882 (85)
0.581 (106)
96
Minnesota
14-14
0.7250
 3
0.592 (57)
0.657 (103)
0.678 (100)
97
Mississippi
11-16
0.7188
 7
0.964 (12)
0.645 (105)
0.716 (96)
98
Col Charleston
22-6
0.7147
 2
-0.50 (255)
0.906 (82)
0.496 (114)
99
Tulsa
15-10
0.6830
0
0.308 (84)
0.844 (89)
0.543 (107)
100
UC Santa Barbara
20-6
0.6765
 6
-0.46 (245)
0.835 (90)
0.652 (102)
101
Utah Valley
19-8
0.6427
 14
-0.53 (266)
0.590 (107)
0.694 (97)
102
DePaul
10-15
0.6323
 2
0.597 (56)
0.589 (109)
0.686 (98)
103
Wyoming
17-10
0.6263
 5
0.217 (96)
0.734 (98)
0.519 (111)
104
Northeastern
18-9
0.6197
 2
0.082 (117)
0.752 (96)
0.522 (110)
105
S Illinois
19-10
0.5960
 17
-0.02 (135)
0.744 (97)
0.525 (109)
106
Wake Forest
10-17
0.5844
 2
0.919 (17)
0.318 (134)
0.746 (95)
107
Oregon St
13-13
0.5839
 2
0.343 (82)
0.448 (119)
0.679 (99)
108
Rider
20-7
0.5533
 4
-0.25 (171)
0.769 (94)
0.405 (121)
109
Toledo
18-8
0.5506
 7
-0.10 (147)
0.726 (100)
0.392 (122)
110
Iowa
12-17
0.5504
 7
0.653 (50)
0.389 (129)
0.622 (103)
111
Furman
19-9
0.5352
 6
-0.40 (225)
0.413 (127)
0.657 (101)
112
Memphis
16-11
0.5193
 14
0.216 (97)
0.753 (95)
0.227 (142)
113
Marshall
19-8
0.5154
 1
-0.41 (227)
0.564 (112)
0.525 (108)
114
Idaho
18-7
0.5146
 10
-0.35 (206)
0.579 (110)
0.449 (117)
115
SF Austin
21-5
0.5115
 5
-1.13 (347)
0.567 (111)
0.455 (116)
116
Missouri St
17-11
0.5023
 5
-0.02 (132)
0.436 (122)
0.602 (104)
117
Bucknell
20-9
0.4658
 1
-0.25 (173)
0.432 (124)
0.499 (113)
118
Ball St
18-9
0.4632
 14
-0.24 (170)
0.698 (102)
0.267 (134)
119
N Kentucky
16-8
0.4417
 6
-0.44 (239)
0.289 (137)
0.594 (105)
120
St Louis
14-12
0.4042
 8
0.257 (90)
0.401 (128)
0.418 (119)
121
Illinois
12-15
0.3986
 12
0.374 (77)
0.180 (147)
0.511 (112)
122
Georgia Tech
11-16
0.3984
 15
0.648 (51)
0.298 (135)
0.366 (127)
123
N Colorado
17-10
0.3879
 8
-0.34 (205)
0.427 (126)
0.478 (115)
124
Bradley
18-12
0.3865
 8
0.082 (118)
0.514 (116)
0.288 (132)
125
Weber St
18-7
0.3740
 22
-0.68 (308)
0.494 (117)
0.373 (125)
126
UC Davis
18-9
0.3711
 23
-0.27 (182)
0.547 (113)
0.354 (128)
127
Penn
19-7
0.3509
 9
-0.55 (269)
0.447 (120)
0.241 (140)
128
VA Commonwealth
15-12
0.3332
 18
0.235 (93)
0.377 (132)
0.265 (135)
129
Connecticut
12-14
0.3324
 8
0.639 (52)
0.525 (115)
0.071 (166)
130
Canisius
19-9
0.3301
 11
-0.42 (235)
0.357 (133)
0.385 (123)
131
Illinois St
15-13
0.3280
 12
0.322 (83)
0.546 (114)
0.144 (155)
132
Utah St
14-14
0.3179
 9
0.163 (104)
0.389 (130)
0.251 (138)
133
Wright St
20-8
0.3155
 4
-0.58 (274)
0.429 (125)
0.235 (141)
134
Wofford
19-9
0.2912
 17
-0.52 (262)
0.481 (118)
0.100 (160)
135
Georgia St
19-8
0.2903
 8
-0.66 (304)
0.132 (151)
0.427 (118)
136
New Mexico
13-14
0.2866
 2
0.097 (113)
0.203 (143)
0.345 (129)
137
Drake
15-13
0.2797
 5
0.033 (123)
0.433 (123)
0.212 (143)
138
Winthrop
17-9
0.2553
 16
-0.74 (318)
0.094 (159)
0.415 (120)
139
Hofstra
17-11
0.2474
 13
-0.07 (142)
0.377 (131)
0.095 (161)
140
San Francisco
16-13
0.2215
 23
-0.02 (134)
0.232 (140)
0.242 (139)
141
Evansville
16-12
0.2114
 6
-0.12 (149)
0.286 (138)
0.196 (145)
142
CS Fullerton
15-9
0.1990
 17
-0.28 (186)
0.438 (121)
0.111 (159)
143
Dayton
12-14
0.1970
 10
0.304 (85)
0.122 (155)
0.210 (144)
144
Northern Iowa
13-15
0.1961
 6
0.174 (100)
0.200 (144)
0.164 (153)
145
St Joseph’s PA
12-14
0.1934
 17
0.163 (103)
0.024 (167)
0.366 (126)
146
San Diego
17-11
0.1879
 9
-0.22 (167)
0.162 (148)
0.312 (131)
147
Rutgers
12-16
0.1834
 13
0.410 (75)
0.002 (172)
0.277 (133)
148
UAB
16-11
0.1655
 5
-0.46 (244)
-0.05 (180)
0.336 (130)
149
Albany NY
19-8
0.1450
 16
-0.61 (283)
0.116 (156)
0.173 (150)
150
Grand Canyon
17-10
0.1331
 20
-0.80 (325)
-0.11 (184)
0.377 (124)
151
Wagner
20-7
0.1297
 17
-0.91 (338)
0.233 (139)
0.025 (168)
152
Louisiana Tech
16-12
0.1217
 9
-0.37 (219)
-0.00 (173)
0.254 (137)
153
Harvard
14-11
0.1176
 15
-0.19 (163)
0.131 (152)
0.064 (167)
154
Oakland
17-11
0.1173
 6
-0.27 (184)
0.069 (161)
0.124 (158)
155
William & Mary
16-11
0.1137
 1
-0.15 (155)
0.228 (141)
0.018 (169)
156
UC Irvine
13-15
0.1100
 3
0.115 (110)
0.123 (154)
0.150 (154)
157
Portland St
15-11
0.1076
 2
-0.14 (152)
0.144 (149)
0.180 (148)
158
FL Gulf Coast
19-10
0.1052
 33
-0.66 (303)
-0.05 (178)
0.261 (136)
159
Seattle
18-9
0.0942
 26
-0.64 (298)
0.290 (136)
-0.10 (178)
160
W Michigan
13-12
0.0942
 14
-0.08 (144)
0.142 (150)
0.090 (162)
161
IPFW
17-12
0.0887
 10
-0.56 (271)
0.044 (163)
0.132 (156)
162
E Washington
14-13
0.0871
 11
-0.16 (158)
0.124 (153)
0.164 (152)
163
Towson
16-11
0.0813
 19
-0.23 (169)
0.036 (165)
0.079 (165)
164
Valparaiso
12-15
0.0686
 15
0.141 (107)
-0.02 (174)
0.193 (146)
165
Lipscomb
19-9
0.0672
 10
-0.57 (272)
0.199 (146)
-0.06 (173)
166
Iona
16-12
0.0649
 26
-0.17 (161)
-0.03 (175)
0.179 (149)
167
Ga Southern
16-10
0.0509
0
-0.37 (217)
-0.06 (182)
0.171 (151)
168
Pacific
13-15
0.0451
 4
0.241 (92)
0.079 (160)
0.084 (163)
169
UT Arlington
16-11
0.0430
 30
-0.35 (212)
-0.04 (177)
0.081 (164)
170
Indiana St
11-17
0.0305
 12
0.091 (114)
-0.04 (176)
0.126 (157)
171
Mercer
15-13
0.0262
 13
-0.39 (223)
-0.13 (187)
0.190 (147)
172
Nicholls St
18-9
0.0183
 6
-0.91 (337)
0.107 (158)
-0.07 (176)
173
UNC Asheville
17-10
0.0047
 16
-0.34 (202)
0.200 (145)
-0.19 (185)
174
Tulane
13-13
-0.011
 29
0.105 (112)
0.042 (164)
-0.04 (172)
175
Niagara
18-10
-0.012
 1
-0.42 (234)
0.211 (142)
-0.19 (186)
176
Washington St
10-16
-0.025
 6
0.527 (65)
0.116 (157)
-0.12 (180)
177
E Michigan
16-11
-0.036
 6
-0.63 (295)
0.058 (162)
-0.10 (179)
178
La Salle
11-16
-0.061
 4
0.293 (86)
-0.15 (189)
-0.06 (175)
179
Jacksonville St
18-11
-0.066
 13
-0.63 (292)
-0.19 (192)
0.005 (171)
180
Richmond
9-17
-0.073
 11
0.461 (72)
-0.09 (183)
-0.07 (177)
181
G Washington
12-15
-0.077
 24
0.244 (91)
0.005 (171)
-0.20 (188)
182
UT San Antonio
14-12
-0.123
 5
-0.35 (207)
-0.17 (191)
0.010 (170)
183
Austin Peay
16-12
-0.130
 11
-0.41 (230)
0.030 (166)
-0.26 (194)
184
UMBC
17-9
-0.162
 7
-0.80 (324)
0.013 (169)
-0.33 (200)
185
Radford
16-12
-0.184
 13
-0.39 (224)
-0.16 (190)
-0.20 (187)
186
Long Beach St
13-15
-0.188
 1
-0.03 (136)
-0.11 (185)
-0.14 (182)
187
N Dakota St
13-15
-0.214
 6
-0.31 (194)
-0.36 (208)
-0.06 (174)
188
C Michigan
15-11
-0.216
 6
-0.58 (276)
-0.14 (188)
-0.24 (191)
189
Bowling Green
16-11
-0.217
 8
-0.50 (256)
0.005 (170)
-0.34 (202)
190
Tennessee St
15-12
-0.231
 10
-0.43 (238)
-0.20 (195)
-0.22 (190)
191
California
8-18
-0.232
 2
0.559 (62)
-0.06 (181)
-0.42 (214)
192
Tennessee Tech
17-12
-0.233
 10
-0.42 (232)
0.023 (168)
-0.45 (218)
193
SE Louisiana
18-10
-0.242
 15
-0.88 (333)
-0.20 (196)
-0.28 (196)
194
Miami OH
13-14
-0.244
 8
-0.15 (157)
-0.12 (186)
-0.26 (193)
195
North Texas
14-13
-0.245
 6
-0.34 (203)
-0.25 (202)
-0.15 (184)
196
Kent
13-14
-0.247
 4
-0.17 (160)
-0.05 (179)
-0.41 (212)
197
Massachusetts
11-16
-0.253
 9
0.131 (108)
-0.24 (199)
-0.29 (197)
198
Duquesne
15-12
-0.254
 6
-0.60 (278)
-0.25 (203)
-0.24 (192)
199
Liberty
17-11
-0.259
 16
-0.97 (342)
-0.37 (209)
-0.14 (181)
200
George Mason
12-15
-0.277
 11
0.029 (124)
-0.19 (193)
-0.36 (204)
201
IL Chicago
16-13
-0.278
0
-0.62 (286)
-0.30 (205)
-0.21 (189)
202
Denver
12-13
-0.278
 2
-0.37 (220)
-0.24 (198)
-0.31 (198)
203
Troy
13-14
-0.305
 4
-0.52 (261)
-0.48 (221)
-0.14 (183)
204
Colorado St
11-17
-0.305
 9
0.164 (102)
-0.20 (194)
-0.40 (209)
205
Sam Houston St
16-11
-0.314
 2
-0.80 (326)
-0.24 (200)
-0.38 (206)
206
Hawaii
15-10
-0.352
 12
-0.66 (305)
-0.27 (204)
-0.40 (211)
207
Elon
14-14
-0.359
 25
-0.26 (174)
-0.22 (197)
-0.49 (224)
208
St Francis PA
16-12
-0.376
 5
-0.63 (293)
-0.32 (207)
-0.42 (213)
209
Pittsburgh
8-19
-0.390
 13
0.696 (42)
-0.25 (201)
-0.47 (222)
210
Ohio
11-15
-0.392
 6
-0.27 (181)
-0.39 (213)
-0.35 (203)
211
Navy
19-11
-0.418
 11
-0.71 (312)
-0.31 (206)
-0.51 (227)
212
Princeton
11-14
-0.432
 22
-0.23 (168)
-0.50 (223)
-0.45 (219)
213
Yale
12-14
-0.443
 6
-0.30 (190)
-0.53 (227)
-0.37 (205)
214
WI Milwaukee
13-14
-0.453
 11
-0.45 (242)
-0.46 (217)
-0.45 (217)
215
ULM
13-12
-0.461
 25
-0.63 (291)
-0.44 (216)
-0.44 (216)
216
Hartford
15-11
-0.473
 7
-0.81 (329)
-0.41 (214)
-0.53 (230)
217
Texas St
14-14
-0.476
 3
-0.60 (279)
-0.60 (237)
-0.34 (201)
218
UTRGV
13-14
-0.486
 8
-0.27 (180)
-0.37 (210)
-0.59 (234)
219
Lamar
17-11
-0.489
 9
-1.16 (349)
-0.56 (232)
-0.40 (210)
220
Monmouth NJ
9-18
-0.503
 1
0.072 (120)
-0.64 (241)
-0.33 (199)
221
Santa Clara
11-16
-0.504
 32
-0.15 (156)
-0.38 (211)
-0.57 (231)
222
Colgate
14-12
-0.518
 5
-0.65 (299)
-0.53 (226)
-0.50 (225)
223
Cent Arkansas
12-14
-0.524
 17
-0.50 (258)
-0.76 (260)
-0.28 (195)
224
Southern Miss
13-15
-0.528
 12
-0.44 (241)
-0.55 (230)
-0.43 (215)
225
South Alabama
14-13
-0.537
 11
-0.64 (296)
-0.63 (240)
-0.38 (207)
226
Air Force
9-15
-0.551
 4
-0.00 (129)
-0.43 (215)
-0.68 (242)
227
Manhattan
12-15
-0.555
 2
-0.33 (198)
-0.58 (234)
-0.46 (221)
228
Fairfield
12-15
-0.557
 4
-0.25 (172)
-0.53 (225)
-0.59 (233)
229
Oral Roberts
9-19
-0.559
 9
0.108 (111)
-0.59 (235)
-0.52 (229)
230
Drexel
10-18
-0.561
 4
-0.00 (130)
-0.38 (212)
-0.74 (250)
231
CS Bakersfield
10-15
-0.571
 24
-0.21 (164)
-0.66 (243)
-0.48 (223)
232
Coastal Car
12-17
-0.575
 5
-0.43 (237)
-0.75 (258)
-0.39 (208)
233
Appalachian St
11-16
-0.582
 8
-0.28 (187)
-0.70 (253)
-0.46 (220)
234
N Illinois
11-15
-0.589
 1
-0.27 (183)
-0.47 (219)
-0.67 (241)
235
James Madison
8-19
-0.598
 19
-0.05 (140)
-0.68 (249)
-0.51 (226)
236
High Point
12-14
-0.615
 13
-0.73 (317)
-0.71 (254)
-0.52 (228)
237
SE Missouri St
14-15
-0.625
 10
-0.59 (277)
-0.49 (222)
-0.70 (244)
238
Delaware
12-17
-0.626
 14
-0.37 (218)
-0.55 (231)
-0.66 (240)
239
New Orleans
13-12
-0.640
 2
-0.70 (310)
-0.64 (242)
-0.63 (237)
240
Campbell
13-13
-0.644
 8
-0.81 (330)
-0.66 (245)
-0.62 (236)
241
Robert Morris
15-14
-0.656
 10
-0.49 (252)
-0.57 (233)
-0.73 (248)
242
Idaho St
12-13
-0.665
 7
-0.62 (288)
-0.47 (220)
-0.71 (245)
243
Lehigh
14-13
-0.674
 22
-0.60 (280)
-0.60 (238)
-0.74 (249)
244
North Dakota
10-17
-0.695
 7
-0.11 (148)
-0.54 (229)
-0.76 (251)
245
Fordham
9-17
-0.698
 11
0.001 (128)
-0.59 (236)
-0.80 (254)
246
UNC Wilmington
8-19
-0.714
 12
-0.10 (145)
-0.78 (261)
-0.68 (243)
247
Akron
11-15
-0.715
 14
-0.35 (211)
-0.54 (228)
-0.89 (265)
248
Montana St
11-15
-0.718
 9
-0.36 (213)
-0.66 (246)
-0.73 (247)
249
Mt St Mary’s
16-13
-0.720
 4
-0.88 (334)
-0.62 (239)
-0.81 (255)
250
FL Atlantic
10-15
-0.726
0
-0.35 (209)
-0.75 (259)
-0.59 (232)
251
W Carolina
11-16
-0.740
 14
-0.03 (137)
-0.47 (218)
-1.01 (278)
252
Abilene Chr
14-12
-0.741
 9
-0.93 (339)
-0.68 (250)
-0.79 (252)
253
Portland
10-19
-0.753
 15
-0.10 (146)
-0.69 (252)
-0.71 (246)
254
Cornell
10-13
-0.777
 8
-0.37 (215)
-0.66 (244)
-0.90 (267)
255
NE Omaha
9-19
-0.786
 13
0.070 (122)
-0.67 (248)
-0.89 (264)
256
East Carolina
10-14
-0.798
 16
-0.29 (188)
-0.53 (224)
-1.07 (289)
257
Brown
10-12
-0.808
 11
-0.48 (249)
-0.80 (262)
-0.82 (256)
258
Florida Intl
11-16
-0.814
 1
-0.68 (307)
-0.94 (276)
-0.63 (238)
259
Columbia
7-16
-0.857
 14
-0.34 (204)
-1.18 (299)
-0.62 (235)
260
E Illinois
8-17
-0.860
 7
-0.12 (150)
-0.86 (265)
-0.85 (260)
261
NJIT
13-15
-0.862
 2
-0.72 (313)
-0.85 (263)
-0.87 (263)
262
Loy Marymount
8-19
-0.865
 3
-0.02 (133)
-1.02 (285)
-0.66 (239)
263
North Florida
13-17
-0.865
 12
-0.33 (199)
-0.74 (256)
-0.98 (274)
264
NC A&T
16-12
-0.867
 2
-1.00 (343)
-0.69 (251)
-1.04 (282)
265
Charleston So
11-14
-0.867
 6
-0.74 (319)
-0.87 (267)
-0.86 (262)
266
Army
12-14
-0.873
 18
-0.65 (300)
-0.88 (269)
-0.85 (261)
267
St Peter’s
10-17
-0.878
 23
-0.37 (216)
-0.97 (279)
-0.80 (253)
268
Boston Univ
12-15
-0.894
 12
-0.65 (301)
-0.85 (264)
-0.93 (269)
269
Stony Brook
10-17
-0.900
 9
-0.35 (208)
-0.95 (278)
-0.84 (257)
270
Missouri KC
9-19
-0.910
0
-0.27 (179)
-0.91 (274)
-1.04 (283)
271
Grambling
15-12
-0.911
 9
-0.89 (335)
-0.75 (257)
-1.07 (288)
272
Southern Utah
10-16
-0.928
 8
-0.21 (165)
-0.71 (255)
-1.05 (285)
273
W Illinois
10-14
-0.935
 12
-0.55 (268)
-0.90 (272)
-0.96 (272)
274
Long Island
12-16
-0.944
 6
-0.72 (315)
-0.89 (270)
-0.99 (275)
275
St Francis NY
12-15
-0.948
 6
-0.76 (321)
-0.86 (266)
-1.03 (280)
276
Savannah St
13-14
-0.972
 7
-0.38 (221)
-0.66 (247)
-1.27 (309)
277
Hampton
13-14
-0.988
 5
-0.96 (341)
-1.12 (290)
-0.84 (258)
278
F Dickinson
11-16
-0.988
 12
-0.62 (290)
-0.90 (271)
-1.07 (290)
279
Quinnipiac
10-18
-1.005
 6
-0.35 (210)
-0.90 (273)
-1.05 (287)
280
UTEP
8-18
-1.006
 2
-0.31 (192)
-1.17 (298)
-0.84 (259)
281
Gardner Webb
11-16
-1.007
 7
-0.41 (228)
-0.88 (268)
-1.12 (296)
282
Bethune-Cookman
15-12
-1.033
 11
-1.32 (350)
-1.02 (283)
-1.04 (283)
283
E Kentucky
10-19
-1.040
 18
-0.43 (236)
-1.02 (284)
-1.03 (281)
284
Holy Cross
10-17
-1.045
 10
-0.54 (267)
-1.01 (282)
-1.07 (291)
285
Prairie View
11-16
-1.049
 6
-0.51 (259)
-1.15 (294)
-0.94 (270)
286
New Hampshire
9-17
-1.055
 7
-0.55 (270)
-1.20 (301)
-0.90 (266)
287
South Florida
8-19
-1.072
0
-0.03 (138)
-0.97 (281)
-1.12 (297)
288
Lafayette
8-18
-1.090
 7
-0.58 (275)
-1.25 (306)
-0.92 (268)
289
CS Sacramento
4-21
-1.091
 12
0.191 (99)
-1.10 (289)
-0.96 (271)
290
Central Conn
13-16
-1.092
 9
-0.65 (302)
-0.91 (275)
-1.26 (308)
291
Siena
8-20
-1.106
 6
-0.14 (153)
-1.04 (287)
-1.11 (295)
292
Arkansas St
9-18
-1.116
 16
-0.49 (253)
-1.21 (302)
-1.02 (279)
293
Edwardsville
8-17
-1.117
 5
-0.14 (154)
-0.97 (280)
-1.23 (306)
294
Samford
9-20
-1.118
 11
-0.32 (195)
-1.15 (296)
-1.07 (293)
295
UC Riverside
7-19
-1.123
 1
-0.31 (191)
-1.13 (293)
-1.00 (276)
296
Kennesaw
10-18
-1.126
 8
-0.52 (263)
-1.08 (288)
-1.16 (300)
297
Cal Poly
7-19
-1.141
 13
-0.17 (159)
-0.95 (277)
-1.34 (315)
298
McNeese St
10-16
-1.155
 8
-0.80 (328)
-1.23 (305)
-1.07 (292)
299
Norfolk St
10-17
-1.165
 8
-0.70 (309)
-1.04 (286)
-1.29 (311)
300
Chattanooga
9-20
-1.170
 12
-0.51 (260)
-1.18 (300)
-1.15 (298)
301
TX Southern
8-18
-1.229
 15
-0.06 (141)
-1.48 (323)
-0.97 (273)
302
Detroit
7-20
-1.239
 8
-0.18 (162)
-1.17 (297)
-1.30 (313)
303
TN Martin
9-20
-1.249
 14
-0.53 (265)
-1.29 (309)
-1.21 (304)
304
Citadel
9-18
-1.252
 12
-0.45 (243)
-1.13 (292)
-1.37 (316)
305
IUPUI
8-17
-1.258
 18
-0.41 (231)
-1.21 (303)
-1.30 (312)
306
Morehead St
4-21
-1.265
 6
0.146 (105)
-1.47 (320)
-1.00 (277)
307
TAM C. Christi
8-16
-1.266
 5
-0.74 (320)
-1.36 (312)
-1.16 (299)
308
Jacksonville
13-18
-1.267
 3
-0.86 (332)
-1.13 (291)
-1.40 (317)
309
WI Green Bay
9-18
-1.267
 6
-0.62 (289)
-1.37 (314)
-1.17 (301)
310
Dartmouth
6-17
-1.270
 1
-0.48 (250)
-1.52 (327)
-1.05 (286)
311
Ark Little Rock
6-21
-1.277
0
-0.26 (176)
-1.44 (317)
-1.10 (294)
312
Stetson
12-18
-1.300
 4
-1.02 (345)
-1.37 (313)
-1.23 (305)
313
VMI
7-18
-1.337
 7
-0.28 (185)
-1.15 (295)
-1.52 (328)
314
Binghamton
10-16
-1.348
 7
-0.90 (336)
-1.48 (321)
-1.21 (303)
315
Cleveland St
8-21
-1.359
 4
-0.41 (226)
-1.29 (310)
-1.43 (320)
316
Southern Univ
13-14
-1.364
 2
-1.02 (344)
-1.28 (308)
-1.44 (323)
317
Presbyterian
11-17
-1.380
 11
-0.77 (323)
-1.21 (304)
-1.54 (330)
318
Marist
6-22
-1.384
 7
-0.39 (222)
-1.47 (319)
-1.24 (307)
319
MA Lowell
9-15
-1.386
 7
-0.76 (322)
-1.33 (311)
-1.44 (322)
320
Youngstown St
7-21
-1.397
 2
-0.26 (175)
-1.26 (307)
-1.56 (331)
321
San Jose St
2-22
-1.398
 6
0.363 (78)
-1.48 (322)
-1.27 (310)
322
Loyola MD
8-18
-1.408
 14
-0.61 (285)
-1.37 (315)
-1.43 (321)
323
NC Central
12-13
-1.423
 5
-1.33 (351)
-1.43 (316)
-1.41 (318)
324
Sacred Heart
9-20
-1.458
 7
-0.72 (314)
-1.50 (325)
-1.41 (319)
325
Pepperdine
4-24
-1.464
 2
0.087 (116)
-1.73 (331)
-1.19 (302)
326
Charlotte
5-20
-1.486
 13
-0.22 (166)
-1.51 (326)
-1.46 (324)
327
Morgan St
10-15
-1.524
 4
-1.15 (348)
-1.57 (328)
-1.47 (327)
328
CS Northridge
6-21
-1.528
 4
-0.49 (251)
-1.48 (323)
-1.46 (325)
329
Northern Arizona
4-22
-1.551
0
0.010 (125)
-1.45 (318)
-1.46 (326)
330
Rice
5-22
-1.645
0
-0.26 (177)
-1.92 (336)
-1.31 (314)
331
Ark Pine Bluff
9-19
-1.689
 5
-0.71 (311)
-1.64 (329)
-1.72 (332)
332
American Univ
6-21
-1.697
 1
-0.50 (257)
-1.76 (333)
-1.52 (329)
333
Jackson St
10-17
-1.755
 1
-0.96 (340)
-1.73 (330)
-1.77 (334)
334
Howard
8-20
-1.852
 2
-0.85 (331)
-1.84 (334)
-1.85 (336)
335
Maine
5-22
-1.894
0
-0.46 (246)
-1.93 (337)
-1.85 (335)
336
Longwood
5-22
-1.920
 2
-0.61 (284)
-1.87 (335)
-1.96 (338)
337
Houston Bap
5-21
-1.966
 4
-0.33 (200)
-2.17 (343)
-1.76 (333)
338
S Carolina St
8-18
-1.972
 1
-0.67 (306)
-1.74 (332)
-2.20 (341)
339
Alcorn St
9-17
-2.022
 6
-1.06 (346)
-2.12 (342)
-1.91 (337)
340
SC Upstate
6-23
-2.041
 1
-0.57 (273)
-2.04 (340)
-2.03 (339)
341
Alabama St
6-19
-2.051
 3
-0.73 (316)
-2.04 (341)
-2.05 (340)
342
Coppin St
5-23
-2.110
 2
-0.36 (214)
-1.97 (338)
-2.24 (343)
343
Bryant
3-26
-2.149
 1
-0.31 (193)
-2.02 (339)
-2.27 (344)
344
Florida A&M
6-24
-2.227
 1
-0.60 (281)
-2.22 (344)
-2.22 (342)
345
MD E Shore
6-22
-2.457
 1
-0.61 (282)
-2.41 (345)
-2.50 (348)
346
Northwestern LA
3-22
-2.552
0
-0.41 (229)
-2.66 (346)
-2.44 (347)
347
Incarnate Word
3-19
-2.593
0
-0.47 (247)
-2.74 (347)
-2.44 (346)
348
Chicago St
2-27
-2.791
 1
0.003 (127)
-3.15 (349)
-2.42 (345)
349
Alabama A&M
2-24
-2.894
 1
-0.64 (297)
-3.02 (348)
-2.76 (350)
350
MS Valley St
2-25
-2.969
0
-0.62 (287)
-3.24 (350)
-2.69 (349)
351
Delaware St
2-25
-3.486
0
-0.80 (327)
-4.11 (351)
-2.85 (351)